Total Alerta intervals = 9
Mode = 698
Total intervals above or below 1 minutes = 9
Percent 9 /9 = 100.0%
[698, 530, 1411, 669, 810, 4137, 622, 811, 41929]

Total Ativo intervals = 4
Mode = 182
Total intervals above or below 1 minutes = 4
Percent 4 /4 = 100.0%
[182, 28, 11005, 38051]

Total Quieto intervals = 16
Mode = 889
Total intervals above or below 1 minutes = 32
Percent 32 /16 = 200.0%
[889, 54, 73, 1425, 8, 4457, 2199, 169, 889, 54, 73, 1425, 8, 4457, 2199, 169, 889, 54, 73, 1425, 8, 4457, 2199, 169, 889, 54, 73, 1425, 8, 4457, 2199, 169]

Total QPC intervals = 4
Mode = 2932
Total intervals above or below 1 minutes = 4
Percent 4 /4 = 100.0%
[2932, 2509, 80, 36854]

Total QMMD intervals = 2
Mode = 6521
Total intervals above or below 1 minutes = 4
Percent 4 /2 = 200.0%
[6521, 6521, 6521, 6521]

Total REM intervals = 2
Mode = 3149
Total intervals above or below 1 minutes = 2
Percent 2 /2 = 100.0%
[3149, 36121]

Total Alert intervals = 100
Mode = 120
Total intervals above or below 1 minutes = 300
Percent 300 /100 = 300.0%
[1103, 3041, 151, 120, 25, 120, 4958, 3232, 79, 218, 929, 19, 1605, 317, 113, 751, 82, 88, 62, 116, 194, 118, 109, 505, 13, 207, 3084, 200, 156, 655, 1845, 992, 265, 399, 143, 1140, 34, 1273, 2328, 777, 1199, 30, 308, 48, 569, 548, 93, 284, 95, 2351, 716, 2043, 127, 120, 101, 458, 225, 469, 150, 359, 1564, 3465, 1383, 343, 361, 326, 1333, 77, 166, 361, 4042, 572, 200, 207, 1070, 99, 1182, 2502, 1751, 1394, 618, 50, 35, 102, 450, 54, 1948, 351, 500, 539, 319, 16, 164, 385, 705, 1912, 517, 66, 2288, 912, 1103, 3041, 151, 120, 25, 120, 4958, 3232, 79, 218, 929, 19, 1605, 317, 113, 751, 82, 88, 62, 116, 194, 118, 109, 505, 13, 207, 3084, 200, 156, 655, 1845, 992, 265, 399, 143, 1140, 34, 1273, 2328, 777, 1199, 30, 308, 48, 569, 548, 93, 284, 95, 2351, 716, 2043, 127, 120, 101, 458, 225, 469, 150, 359, 1564, 3465, 1383, 343, 361, 326, 1333, 77, 166, 361, 4042, 572, 200, 207, 1070, 99, 1182, 2502, 1751, 1394, 618, 50, 35, 102, 450, 54, 1948, 351, 500, 539, 319, 16, 164, 385, 705, 1912, 517, 66, 2288, 912, 1103, 3041, 151, 120, 25, 120, 4958, 3232, 79, 218, 929, 19, 1605, 317, 113, 751, 82, 88, 62, 116, 194, 118, 109, 505, 13, 207, 3084, 200, 156, 655, 1845, 992, 265, 399, 143, 1140, 34, 1273, 2328, 777, 1199, 30, 308, 48, 569, 548, 93, 284, 95, 2351, 716, 2043, 127, 120, 101, 458, 225, 469, 150, 359, 1564, 3465, 1383, 343, 361, 326, 1333, 77, 166, 361, 4042, 572, 200, 207, 1070, 99, 1182, 2502, 1751, 1394, 618, 50, 35, 102, 450, 54, 1948, 351, 500, 539, 319, 16, 164, 385, 705, 1912, 517, 66, 2288, 912]

Total QOP intervals = 144
Mode = 43
Total intervals above or below 1 minutes = 576
Percent 576 /144 = 400.0%
[272, 127, 79, 17, 1192, 316, 95, 1038, 745, 443, 434, 203, 635, 4, 43, 412, 274, 145, 1095, 406, 43, 11, 258, 155, 563, 187, 98, 143, 82, 54, 163, 576, 705, 419, 15, 1774, 82, 3012, 83, 41, 116, 725, 82, 185, 598, 246, 444, 461, 312, 147, 27, 29, 121, 361, 279, 9, 36, 157, 404, 1594, 47, 119, 526, 187, 154, 94, 457, 1273, 23, 13, 73, 2, 119, 79, 769, 469, 237, 83, 230, 100, 2000, 249, 793, 254, 220, 115, 228, 99, 117, 228, 1252, 515, 999, 1061, 19, 420, 428, 286, 263, 690, 49, 44, 2, 103, 282, 145, 356, 22, 31, 1273, 711, 60, 43, 223, 60, 288, 712, 682, 629, 381, 104, 448, 67, 59, 93, 46, 712, 124, 691, 57, 305, 815, 202, 183, 164, 124, 455, 817, 216, 2734, 447, 469, 421, 616, 272, 127, 79, 17, 1192, 316, 95, 1038, 745, 443, 434, 203, 635, 4, 43, 412, 274, 145, 1095, 406, 43, 11, 258, 155, 563, 187, 98, 143, 82, 54, 163, 576, 705, 419, 15, 1774, 82, 3012, 83, 41, 116, 725, 82, 185, 598, 246, 444, 461, 312, 147, 27, 29, 121, 361, 279, 9, 36, 157, 404, 1594, 47, 119, 526, 187, 154, 94, 457, 1273, 23, 13, 73, 2, 119, 79, 769, 469, 237, 83, 230, 100, 2000, 249, 793, 254, 220, 115, 228, 99, 117, 228, 1252, 515, 999, 1061, 19, 420, 428, 286, 263, 690, 49, 44, 2, 103, 282, 145, 356, 22, 31, 1273, 711, 60, 43, 223, 60, 288, 712, 682, 629, 381, 104, 448, 67, 59, 93, 46, 712, 124, 691, 57, 305, 815, 202, 183, 164, 124, 455, 817, 216, 2734, 447, 469, 421, 616, 272, 127, 79, 17, 1192, 316, 95, 1038, 745, 443, 434, 203, 635, 4, 43, 412, 274, 145, 1095, 406, 43, 11, 258, 155, 563, 187, 98, 143, 82, 54, 163, 576, 705, 419, 15, 1774, 82, 3012, 83, 41, 116, 725, 82, 185, 598, 246, 444, 461, 312, 147, 27, 29, 121, 361, 279, 9, 36, 157, 404, 1594, 47, 119, 526, 187, 154, 94, 457, 1273, 23, 13, 73, 2, 119, 79, 769, 469, 237, 83, 230, 100, 2000, 249, 793, 254, 220, 115, 228, 99, 117, 228, 1252, 515, 999, 1061, 19, 420, 428, 286, 263, 690, 49, 44, 2, 103, 282, 145, 356, 22, 31, 1273, 711, 60, 43, 223, 60, 288, 712, 682, 629, 381, 104, 448, 67, 59, 93, 46, 712, 124, 691, 57, 305, 815, 202, 183, 164, 124, 455, 817, 216, 2734, 447, 469, 421, 616, 272, 127, 79, 17, 1192, 316, 95, 1038, 745, 443, 434, 203, 635, 4, 43, 412, 274, 145, 1095, 406, 43, 11, 258, 155, 563, 187, 98, 143, 82, 54, 163, 576, 705, 419, 15, 1774, 82, 3012, 83, 41, 116, 725, 82, 185, 598, 246, 444, 461, 312, 147, 27, 29, 121, 361, 279, 9, 36, 157, 404, 1594, 47, 119, 526, 187, 154, 94, 457, 1273, 23, 13, 73, 2, 119, 79, 769, 469, 237, 83, 230, 100, 2000, 249, 793, 254, 220, 115, 228, 99, 117, 228, 1252, 515, 999, 1061, 19, 420, 428, 286, 263, 690, 49, 44, 2, 103, 282, 145, 356, 22, 31, 1273, 711, 60, 43, 223, 60, 288, 712, 682, 629, 381, 104, 448, 67, 59, 93, 46, 712, 124, 691, 57, 305, 815, 202, 183, 164, 124, 455, 817, 216, 2734, 447, 469, 421, 616]

Total QHH intervals = 2
Mode = 286
Total intervals above or below 1 minutes = 2
Percent 2 /2 = 100.0%
[286, 51]

Total SWS-like intervals = 123
Mode = 195
Total intervals above or below 1 minutes = 369
Percent 369 /123 = 300.0%
[226, 824, 186, 195, 1443, 2123, 142, 1425, 74, 616, 570, 1034, 320, 749, 2045, 1423, 527, 2041, 1241, 1439, 891, 341, 485, 645, 26, 583, 1224, 782, 486, 1169, 1220, 637, 323, 205, 170, 827, 976, 411, 309, 1819, 690, 1570, 312, 440, 1184, 913, 680, 470, 1154, 211, 1919, 357, 439, 142, 227, 124, 449, 682, 1190, 273, 578, 148, 219, 213, 194, 208, 152, 448, 8, 591, 1290, 627, 755, 69, 1122, 95, 170, 28, 40, 578, 236, 195, 109, 21, 48, 178, 1064, 171, 755, 231, 315, 343, 137, 621, 1020, 44, 259, 114, 822, 30, 331, 230, 331, 1226, 258, 216, 862, 1157, 1810, 2131, 1651, 638, 11, 3018, 880, 1324, 748, 1040, 1990, 577, 2864, 1933, 200, 226, 824, 186, 195, 1443, 2123, 142, 1425, 74, 616, 570, 1034, 320, 749, 2045, 1423, 527, 2041, 1241, 1439, 891, 341, 485, 645, 26, 583, 1224, 782, 486, 1169, 1220, 637, 323, 205, 170, 827, 976, 411, 309, 1819, 690, 1570, 312, 440, 1184, 913, 680, 470, 1154, 211, 1919, 357, 439, 142, 227, 124, 449, 682, 1190, 273, 578, 148, 219, 213, 194, 208, 152, 448, 8, 591, 1290, 627, 755, 69, 1122, 95, 170, 28, 40, 578, 236, 195, 109, 21, 48, 178, 1064, 171, 755, 231, 315, 343, 137, 621, 1020, 44, 259, 114, 822, 30, 331, 230, 331, 1226, 258, 216, 862, 1157, 1810, 2131, 1651, 638, 11, 3018, 880, 1324, 748, 1040, 1990, 577, 2864, 1933, 200, 226, 824, 186, 195, 1443, 2123, 142, 1425, 74, 616, 570, 1034, 320, 749, 2045, 1423, 527, 2041, 1241, 1439, 891, 341, 485, 645, 26, 583, 1224, 782, 486, 1169, 1220, 637, 323, 205, 170, 827, 976, 411, 309, 1819, 690, 1570, 312, 440, 1184, 913, 680, 470, 1154, 211, 1919, 357, 439, 142, 227, 124, 449, 682, 1190, 273, 578, 148, 219, 213, 194, 208, 152, 448, 8, 591, 1290, 627, 755, 69, 1122, 95, 170, 28, 40, 578, 236, 195, 109, 21, 48, 178, 1064, 171, 755, 231, 315, 343, 137, 621, 1020, 44, 259, 114, 822, 30, 331, 230, 331, 1226, 258, 216, 862, 1157, 1810, 2131, 1651, 638, 11, 3018, 880, 1324, 748, 1040, 1990, 577, 2864, 1933, 200]

Total REM-like intervals = 2
Mode = 2
Total intervals above or below 1 minutes = 2
Percent 2 /2 = 100.0%
[2, 183]

Total Active intervals = 21
Mode = 325
Total intervals above or below 1 minutes = 21
Percent 21 /21 = 100.0%
[325, 150, 9, 375, 62, 267, 37, 415, 391, 55, 224, 54, 180, 3355, 3120, 368, 282, 135, 102, 278, 1411]

